{
	"name":"SNP_data.txt",
	"size":null,
	"rowNums":11,
	"columnNums":5,
	"content": [
			["R^2","LH01_1","LH01_2","LH01_3","LH02_1","LH02_2","LH02_3","LH03_1","LH03_2","LH03_3","LH04_1","LH04_2","LH04_3"],	
			["LH01_1","1","0.984","0.979","0.706","0.715","0.748","0.702","0.688","0.69","0.711","0.715","0.731"],
			["LH01_2","0.984","1","0.987","0.731","0.739","0.777","0.728","0.715","0.716","0.737","0.74","0.755"],
			["LH01_3","0.979","0.987","1","0.728","0.738","0.775","0.732","0.718","0.718","0.737","0.738","0.753"],
			["LH02_1","0.706","0.731","0.728","1","0.984","0.94","0.83","0.843","0.846","0.856","0.867","0.866"],
			["LH02_2","0.715","0.739","0.738","0.984","1","0.937","0.842","0.86","0.861","0.867","0.875","0.877"],
			["LH02_3","0.748","0.777","0.775","0.94","0.937","1","0.825","0.848","0.852","0.85","0.869","0.87"],
			["LH03_1","0.702","0.728","0.732","0.83","0.842","0.825","1","0.961","0.966","0.971","0.946","0.951"],
			["LH03_2","0.688","0.715","0.718","0.843","0.86","0.848","0.961","1","0.986","0.967","0.953","0.949"],
			["LH03_3","0.69","0.716","0.718","0.846","0.861","0.852","0.966","0.986","1","0.97","0.958","0.956"],
			["LH04_1","0.711","0.737","0.737","0.856","0.867","0.85","0.971","0.967","0.97","1","0.984","0.985"],
			["LH04_2","0.715","0.74","0.738","0.867","0.875","0.869","0.946","0.953","0.958","0.984","1","0.99"],
			["LH04_3","0.731","0.755","0.753","0.866","0.877","0.87","0.951","0.949","0.956","0.985","0.99","1"]
	],
	"lines":11,
	"resultFlag":null
}		